0.03874302657659345 0.9862956541810152 0.005087380974405864 0.9342125183366483 0.9199837599865023 0.5045059378928826 0.16399272785841146 0.9338723621783184 0.7805652432175183 0.33591374851726874 
0.4531933174758933 0.09437114361746102 0.6194136874016968 0.06397415461158285 0.7249113188219622 0.7309508614613156 0.3164077231140716 0.8285387539486063 0.5559947059850758 0.6988310497986335 
0.06306503148095866 0.7935233791649079 0.7695964730170821 0.35575756104705836 0.7424946784210402 0.40707997672946994 0.9808416600791204 0.45195857760652103 0.8497096622947554 0.7223697286366458 
0.6447839775959555 0.6223430997233819 0.38812166527943204 0.24332348756586963 0.19530598157034806 0.2426912490794748 0.8040157824254374 0.9873143652238574 0.25521755850016103 0.029749445603613478 
0.4280299208030236 0.7154568187688524 0.5706596345153847 0.9145582746708261 0.08114031801947386 0.5712851824830415 0.2770212058289967 0.39900411510803 0.47238067332865874 0.6898540346444757 
0.3389297547115765 0.8175002509904646 0.7664994292037165 0.6918417168479769 0.5234760639143636 0.6688670367191266 0.2319859984589452 0.3610271520681435 0.06368672716244572 0.457894634286515 
0.1933735279924692 0.2185497773198093 0.24835859180998476 0.2917361174836258 0.6064520818955542 0.15365053266639395 0.5347213163762956 0.8131928483370067 0.45100301672350007 0.7481320068331815 
0.4219958095583538 0.9211175739594429 0.7928915137458333 0.4405640074871595 0.24676727022102896 0.12757560440246118 0.8058310978968715 0.216300369010073 0.2651942539868066 0.3320675996705946 
0.26286048275151763 0.08066157164842513 0.8724254939579988 0.25503238876683965 0.008549503376274581 0.17517727299404884 0.5761986009571415 0.7660114382188511 0.705177457869348 0.030571268285275455 
0.38944620772737515 0.8662716731660322 0.7096041122249338 0.11521109910858562 0.6358362723463744 0.1413461733447955 0.2822794864227012 0.5340330471311904 0.772525295866555 0.0858678110819131 
